INTGRL
                                                                        
 
s   2    1 Z         0.10D-14
       8.0    2    3    2    2    2
O  1   0.000000000000000   1.133835910000000   0.000000000000000       *
O  2   0.000000000000000  -1.133835910000000   0.000000000000000       *
H   9   3
      11720.00000000         0.00071000        -0.00016000         0.00000000
       1759.00000000         0.00547000        -0.00126300         0.00000000
        400.80000000         0.02783700        -0.00626700         0.00000000
        113.70000000         0.10480000        -0.02571600         0.00000000
         37.03000000         0.28306200        -0.07092400         0.00000000
         13.27000000         0.44871900        -0.16541100         0.00000000
          5.02500000         0.27095200        -0.11695500         0.00000000
          1.01300000         0.01545800         0.55736800         0.00000000
          0.30230000        -0.00258500         0.57275900         1.00000000
H   1   1
          0.07896000         1.00000000
H   4   2
         17.70000000         0.04301800         0.00000000
          3.85400000         0.22891300         0.00000000
          1.04600000         0.50872800         0.00000000
          0.27530000         0.46053100         1.00000000
H   1   1
          0.06856000         1.00000000
H   1   1
          1.18500000         1.00000000
H   1   1
          0.33200000         1.00000000
      18.0    1    3    2    2    2
Ar 1   5.000000000000000   0.000000000000000   0.000000000000000       *
H  12   4
     145700.00000000         0.00023670        -0.00006749         0.00002105
                             0.00000000
      21840.00000000         0.00183523        -0.00051852         0.00016257
                             0.00000000
       4972.00000000         0.00952860        -0.00274825         0.00085546
                             0.00000000
       1408.00000000         0.03862830        -0.01110070         0.00349745
                             0.00000000
        459.70000000         0.12408100        -0.03848200         0.01201560
                             0.00000000
        165.90000000         0.29647100        -0.09975990         0.03213680
                             0.00000000
         64.69000000         0.42206800        -0.20308800         0.06552790
                             0.00000000
         26.44000000         0.24171100        -0.13560800         0.04993700
                             0.00000000
          7.62800000         0.02005090         0.50719500        -0.22976900
                             0.00000000
          2.99600000        -0.00361000         0.61289800        -0.42100600
                             0.00000000
          0.65040000         0.00097561         0.04429680         0.64233100
                             0.00000000
          0.23370000        -0.00041132        -0.00899278         0.56754000
                             1.00000000
H   1   1
          0.07090000         1.00000000
H   8   3
        453.70000000         0.00570555        -0.00160655         0.00000000
        106.80000000         0.04304600        -0.01217140         0.00000000
         33.73000000         0.17659100        -0.05207890         0.00000000
         12.13000000         0.40686300        -0.12373700         0.00000000
          4.59400000         0.45254900        -0.15161900         0.00000000
          1.67800000         0.12280100         0.14242500         0.00000000
          0.59090000        -0.00445996         0.58450100         0.00000000
          0.18520000         0.00205225         0.43754000         1.00000000
H   1   1
          0.05330000         1.00000000
H   1   1
          0.73800000         1.00000000
H   1   1
          0.24000000         1.00000000
