 2mocoef
header
                     4
MO-coefficients from mcscf.x                                                    
 total ao core energy = -609.236411523                                          
dummy occupation 1.0 for active orbitals                                        
transformed using mo_mult.x                                                     
                     2
                    51                    22                    51
                    22
 A'   A" 
mocoef
(1p3d25.15)                                                                     
   -1.361867522942940D-06   -5.657669734579823D-06    1.306713359586778D-05
   -1.061700827151170D-05   -3.204810747296546D-06    2.150734673262069D-06
    9.272262233768180D-06   -1.126936316271827D-05   -1.971120343732759D-05
   -8.001594774704630D-07    6.682591824336393D-07   -3.737207075708296D-07
    9.278153964746885D-08   -2.849939689895757D-06    1.493835262665422D-06
    1.913593500758944D-06   -2.260255880224906D-06   -8.667218841292217D-06
    2.831296959507649D-05   -1.538959256813488D-05   -2.873980699274729D-06
   -2.010732179830525D-06    9.233147579430096D-06   -4.135745821916770D-07
   -6.390056623907265D-06    6.937049289482661D-06   -2.994110025531968D-07
   -3.528673437636635D-07   -2.606297474672121D-07    8.496230599689990D-07
    9.000233405537496D-07    1.377891954780701D-06    1.000015098903000D+00
    1.056498110480268D-04    2.329482738561676D-04   -4.000589450174166D-04
    1.990581609651753D-04   -6.862703013599433D-07    4.847596381978439D-08
   -4.179128579868577D-06    2.451802104541987D-07    1.083082105409222D-05
   -6.466323981736902D-07   -1.594366804860744D-05    9.464934014852810D-07
    1.455296732413515D-07    2.055774231527452D-07   -6.058505970293153D-07
   -2.922478995470501D-07   -4.157091159594891D-07    1.225631603867289D-06
    7.079800120990043D-01   -1.578986541645740D-02   -2.034103534334722D-02
   -9.310353840893982D-03   -1.619500521559713D-06    7.873836115962032D-03
    5.416371033335535D-06   -1.333207248355534D-02   -1.960759195453772D-05
   -1.765857000846102D-03    5.235871339869502D-07   -1.323496489741274D-04
   -3.967444912391724D-04   -2.176669772910318D-06    4.453196606234895D-04
    1.335153829867221D-03   -7.078877539224253D-01    1.578210658189216D-02
    2.035288333799292D-02    9.301738771568901D-03   -3.840237582192342D-07
    7.871751136160182D-03    1.250736728174006D-06   -1.332858034654621D-02
    1.014358574095601D-05   -1.765277439402385D-03    2.991366856596961D-07
    1.322040733373260D-04    3.966778469833323D-04   -1.086014611231559D-06
   -4.446866483629034D-04   -1.334069131633582D-03    7.129155080836323D-07
    4.896785627604416D-06    1.140356219377621D-05   -2.218743843716861D-05
    1.745194014239876D-05    3.421291565344119D-07   -1.196265870269560D-06
   -4.865974413125664D-06   -1.270566688995130D-05   -9.722851582129156D-07
    2.086874982217052D-05   -1.642301040567307D-05   -2.995989478134986D-05
   -4.871291473049117D-06    6.172863166385551D-07   -2.897451405620960D-06
    9.338684196972781D-06   -1.302781784511958D-06    6.020028922028482D-06
   -7.068494279659151D-01    3.382853315294596D-02   -2.944783440550071D-04
    7.406833819734077D-04   -1.030481621125134D-05   -8.543825567196186D-03
    2.986312559442722D-05    1.068748936634375D-03   -6.417348467044548D-05
   -4.473214610210064D-04    1.802170108500161D-06   -6.901341837809858D-05
   -2.043372037833145D-04   -7.797124603935048D-06   -1.529615729798192D-04
   -4.655559557642761D-04   -7.069457695008646D-01    3.382040519137620D-02
   -2.400114966253203D-04    7.347119573621882D-04   -8.408510617778914D-06
    8.545077414488835D-03    2.632910599441308D-05   -1.109031294540222D-03
   -2.029360490143017D-05    4.637563224427540D-04   -7.183679791814884D-07
   -6.898822272514517D-05   -2.050061437661584D-04    2.925727406354507D-06
   -1.547779942971679D-04   -4.684220424235754D-04    6.751609877400153D-06
    4.661661039721905D-05    9.165205039214598D-05   -1.875119530814168D-04
    1.101927115318147D-04   -7.309820233165422D-06    9.368082136039754D-07
    2.064964238705494D-05   -6.181933726515482D-07    1.213735742490522D-04
   -1.524120703661049D-05   -1.627406486724591D-04    2.072207138435859D-05
    2.621457872040448D-06    1.507066455133522D-06   -4.805386497801909D-06
   -5.578026780127706D-06   -3.146763764359626D-06    1.008988745317845D-05
    2.463486796149725D-05    9.946960874607414D-05   -2.496677196583902D-04
    1.751631374333403D-04    5.227324035180224D-05   -3.621557757065696D-05
   -1.622022776945398D-04    1.851979020336868D-04    3.609089558767168D-04
    6.722748111043303D-06   -1.041082149852837D-05    5.896883003848204D-06
   -1.386719548602604D-06    4.882860450171947D-05   -2.548381614244522D-05
   -3.158330035835041D-05    3.785749541333834D-05    1.435958577820797D-04
   -4.787734190043440D-04    3.002243363519034D-04    4.721979462092980D-05
    3.304954294733256D-05   -1.618701317702823D-04   -2.729110020526942D-06
    1.192954355444442D-04   -1.286444054808041D-04    4.936739216984802D-06
    5.538609522156179D-06    4.072620524116882D-06   -1.510334935586936D-05
   -1.602101614678978D-05   -2.485066648877317D-05   -2.902890695664240D-04
   -1.002014369695167D+00   -4.485170671781619D-03    7.754083278706815D-03
   -3.939704356741002D-03    1.233127457293814D-05   -1.588278971837994D-06
    7.546961515377849D-05   -4.717639639159868D-06   -1.968832607128384D-04
    1.202812282826220D-05    2.930327476543951D-04   -1.755601728577786D-05
   -2.391794641023715D-06   -3.424431432099751D-06    1.005798194999999D-05
    5.039863261419967D-06    7.180038711020340D-06   -2.113907139616558D-05
   -2.058201449581166D-05   -7.459790387170783D-05    2.536486626550403D-04
    2.823292221463316D-05   -2.030951026998097D-07    1.080513474792375D-05
    1.627713418708762D-05    4.576850031225830D-05   -8.525135010362879D-05
    5.870886687291523D-05   -9.766226377675024D-07   -2.415845047673727D-06
    2.877363540036743D-06    1.767225822812747D-06    4.221468617399505D-06
   -1.275467791950498D-05   -8.832948374412411D-06   -3.483268460900318D-05
    2.635141810768659D-05   -2.820099075920533D-04   -7.067064064937913D-06
   -8.827285188569143D-06    3.044340369083904D-05    1.100137642274581D-04
   -9.312227168146967D-05    3.946697658294289D-05   -2.411148310525286D-06
   -2.157531286968696D-06    1.925827942600156D-06    9.412579209742040D-06
    9.641265338109977D-06    1.017709128953243D-05    4.959923356526178D-06
    3.456862884037724D-05    7.364052516752494D-05   -1.387847837082869D-04
    8.776203513680547D-05    9.798211684536233D-01   -1.995968774580250D-01
   -3.340196502916118D-04    6.469122024250104D-05    8.282890384943720D-04
   -1.603962690393963D-04   -8.877790310080735D-04    1.691597816935817D-04
    1.702432665959153D-06    1.285377804701791D-06   -3.588340074370035D-06
   -3.386495289882608D-06   -2.672391758191948D-06    7.482238753119421D-06
    2.337470717346482D-06    7.621261304872158D-06   -3.943846741799014D-05
    3.082519484648960D-04   -5.044078177706461D-06    1.837101971234844D-06
    1.094771802369002D-05   -3.182032786095993D-05   -1.442035228605537D-04
    1.576354820609222D-04    1.976649176603763D-06    1.404834869482928D-08
    2.953306997708284D-06   -1.166032199749612D-05    1.397464020999915D-06
   -5.374047880362705D-06   -4.941435508014265D-06   -1.696817622163577D-05
    5.057345683871306D-05   -3.351895981320563D-04    5.402757234073663D-06
    7.539084032180536D-07   -1.247712931572757D-05   -2.566014931659578D-05
    1.337261565903840D-04    1.127256818722101D-04    3.907892249834716D-06
   -1.657132318994992D-08   -1.850026903208375D-06   -1.636738118188480D-05
   -1.945068406706483D-06    9.576963990426798D-07    7.422199238180982D-07
    4.377229224567744D-06    1.122558714310822D-05   -2.143376859414322D-05
    1.494647648612705D-05    1.995967701406074D-01    9.798258575275693D-01
   -6.554371524880987D-05   -3.045481865324553D-04    1.625563665318532D-04
    7.523687572944239D-04   -1.756007761064053D-04   -7.827527925899315D-04
   -2.854562709611405D-06    2.262746630331570D-07   -1.023603217199169D-06
    5.927455643531812D-06   -5.135105259298982D-07    2.160938785362523D-06
    4.854972630824901D-06    3.379961108562053D-05    4.163039104854360D-05
    9.551157177682006D-04    8.830082606550648D-05   -4.581936798654835D-05
   -3.410553610866328D-04    5.947813815873208D-04    7.895118718755080D-04
    3.284415168995502D-04   -1.892716684575385D-05    4.285266272491860D-06
    7.696544405033671D-06    1.128214242194502D-04   -4.812334604913740D-05
   -1.240537412336521D-04    5.880514216542965D-05    2.129079007764987D-04
   -1.109175917072087D-03   -3.125278537788705D-04    6.173031506758782D-05
    4.281579074809356D-05   -3.084935904026814D-04    3.489838426131436D-04
    1.130239526963321D-04   -1.730828190886693D-04    3.773917222686505D-06
    4.409061533996514D-06    1.267259373150932D-05   -7.638439975023256D-06
   -9.443252495013278D-06   -2.902616672318388D-05    7.761020613452655D-04
    5.319637351331165D-03    1.011150602581634D+00   -2.170053489682999D-02
    1.294866660833380D-02    1.614442308216337D-05   -1.541915395849323D-06
    5.862169301693461D-05    7.057216433581645D-06   -2.718270978376103D-04
    1.867489024632206D-05    4.500938862402873D-04   -1.400152315966787D-05
   -3.224898287300679D-06   -3.115666616406202D-06    9.986991577691195D-06
   -5.319483188559390D-06    6.811458941303093D-06   -1.630811807386595D-05
    3.126714554783204D-02    6.549425001088197D-01   -1.123310194888865D-01
    1.367060222450184D-03   -5.778680627572254D-05    2.290223022003494D-01
    2.502928063682904D-04   -6.576917266188918D-02   -6.287428098379779D-04
   -6.969864863782859D-03    1.116975212039961D-05   -3.311170819490663D-03
   -9.920143947262348D-03   -5.959672729647861D-05   -1.599857528473311D-03
   -4.844084736511730D-03    3.125107478910730D-02    6.548893343743237D-01
   -1.120107134236287D-01    1.241032193454559D-03   -4.768623756311214D-05
   -2.290196666750730D-01    2.194864347516286D-04    6.551024258589980D-02
   -2.260050551101978D-04    7.134918406088281D-03   -5.792784232321922D-06
   -3.311147190693993D-03   -9.923619436332297D-03    2.720945138000627D-05
   -1.611274533814525D-03   -4.862059800325653D-03    5.682532468070608D-05
    3.893619252529021D-04    7.293082189112906D-04   -1.674198448014348D-03
    1.188562990788602D-03   -5.897040274936284D-05    1.061979350550595D-05
   -2.861774161561312D-04    5.583371994365987D-05    1.046190279069223D-03
   -1.888933742242025D-04   -1.724665443087650D-03    3.244560003584905D-04
    3.063616396854503D-05    1.146299346947438D-05   -3.894209775462796D-05
   -7.751718955755530D-05   -2.876736272769186D-05    9.747025066409267D-05
    2.040492763217185D-02    6.876881171472843D-01    1.560989656005105D-01
    1.305160501647452D-01   -7.603099204933284D-07   -2.162776130696517D-01
   -3.490820582397786D-05    1.237799599514276D-01    1.625249483965348D-04
    2.150064694976991D-02   -2.053178902563798D-06    1.553488043240989D-03
    4.659838321184886D-03    1.278142265317219D-05   -2.939088020346831D-03
   -8.815126694295555D-03   -2.040066075665008D-02   -6.876742502905024D-01
   -1.561579672132337D-01   -1.304617449288594D-01    5.417990879756116D-06
   -2.162738717112848D-01   -3.919063530212314D-06    1.237638934204576D-01
   -9.266858797372639D-05    2.150250086569189D-02   -1.056551579733783D-06
   -1.553064360754216D-03   -4.659339198569412D-03    6.827947943017512D-06
    2.936429181931813D-03    8.809797182307543D-03   -3.610155149039512D-06
   -2.477519350087390D-05   -8.874454603323798D-05    1.311819419363040D-04
   -1.435894555263698D-04   -4.656448898233480D-06    7.194088162723745D-06
   -7.203420320422890D-05    1.298660454602308D-05    4.391645415495819D-05
   -1.436856755672406D-04    1.243778397151511D-04    2.768969510559740D-04
    3.470661076003120D-05   -4.030629035258065D-06    1.894857265192765D-05
   -7.766127815512330D-05    9.979986740800278D-06   -4.645025498357952D-05
   -1.499960476793303D-02   -1.965340638047324D-01   -1.250184992032097D-01
   -3.864279671163579D-02    9.415506719120674D-05    6.828165044147881D-01
    2.268766274927493D-04   -8.148788546770856D-02   -6.539029015734738D-04
   -4.520878604684587D-04    1.447272831076894D-05   -3.677683898139976D-03
   -1.102604402833974D-02   -5.044639701765502D-05   -3.065469999596250D-03
   -9.220828896364112D-03   -1.501320047226316D-02   -1.965763992685314D-01
   -1.247515106657778D-01   -3.887030837061543D-02    1.003613715881795D-04
   -6.828154963035445D-01    1.889890517021815D-04    8.127198275447695D-02
   -2.140677757793107D-04    6.398096822043263D-04   -9.815936147804593D-06
   -3.677759944838893D-03   -1.102821650934805D-02    2.033043761815608D-05
   -3.074291869678816D-03   -9.237917914421162D-03    5.410221591587903D-05
    3.714230515658200D-04    9.817498250251271D-04   -1.715275840772158D-03
    1.531385804835660D-03   -1.557354136202047D-05    8.378042015784727D-06
    9.434738357876983D-04    4.731990061764381D-06    4.093803929569867D-04
   -1.729517631132445D-04   -1.566408858198636D-03    3.881660331208709D-04
    3.986473217093408D-05    2.272780686198298D-05   -6.655514734703039D-05
   -9.935950219910905D-05   -5.223224044448247D-05    1.542464758421480D-04
   -2.646876917022751D-05   -5.326775865678830D-05    4.336943413822057D-04
   -2.134397355908464D-04    6.572293652284572D-01   -9.342465238125345D-05
   -4.092764287398629D-02   -2.500090309881920D-04    9.423215336980578D-03
    3.048308663493627D-05    2.924069640501384D-02   -3.890002136718546D-06
   -5.905116057130921D-07    1.498022576113022D-02    3.489263235263611D-05
    6.009200450836069D-05   -4.378574734638627D-05   -1.110554668415444D-04
    7.778602773046334D-04   -8.474099833158805D-04    6.572402815352452D-01
    9.614014094498698D-05   -4.097773369101099D-02   -3.118560654110288D-05
    1.012935756294905D-02    3.659327546521759D-04   -2.923404082734807D-02
   -3.975667443911747D-06   -4.364739018601401D-06   -1.502495404566832D-02
    2.296576259477561D-05    4.224723056126563D-05    9.721390692045789D-05
    6.571914965855248D-04    8.045892286862745D-04   -2.916978535690788D-03
    1.808701837465739D-03   -1.058837570829082D-04    1.479995370238682D-05
   -4.500328504676875D-03    5.242809782745546D-04    2.149156830466310D-03
   -2.806405973266904D-04   -3.049568807166918D-03    3.643526805245056D-04
   -2.054634101930262D-06    5.388715860885017D-06   -1.696593786029192D-05
   -7.827502755928202D-06   -2.501747860630270D-05    7.544592391096310D-05
    1.774648597421976D-05   -6.747815800253571D-04   -1.492238647137674D-03
    2.894003543430628D-03   -3.848519948025671D-03    1.224430815140794D-03
   -2.618670437008692D-04    7.086870941419495D-04    1.549208795858054D-03
    1.326352869552449D-03   -2.290580444794606D-04    1.191515752810202D-05
   -1.118486475833584D-05    1.857971512286161D-04   -1.349583323103331D-04
   -1.409385907408464D-04    6.267339785399395D-05   -2.274546819888062D-04
   -2.214405558335249D-03   -1.322242764879116D-03   -4.228926261466006D-03
   -1.147400299584528D-03   -6.178122588745984D-04    3.277164034007081D-04
    6.076096987968832D-04   -4.412163252303800D-04    2.071600445875101D-04
    8.403971909028851D-06    1.046776514189903D-05    7.951446855140290D-05
   -6.592056721003726D-05   -1.251595385621930D-04   -2.682339965079441D-05
   -1.844766852148327D-04   -4.401570798442502D-04    8.009721625409460D-04
   -6.119395983207757D-04   -7.860442511860831D-04    2.180214994655736D-04
   -9.687470155395436D-01    2.621922080954674D-01    1.347217151541604D-02
   -3.751372685969671D-03   -1.865075855441652D-02    5.262805630432265D-03
   -7.447932685410915D-06   -4.887182968570824D-06    1.379788872982154D-05
   -2.767505130576875D-05    1.268347357191441D-06   -2.989480831343843D-06
    7.252724905445315D-05    5.300029213069844D-04   -1.301857472474371D-03
   -2.533296568606156D-03    3.460955796025818D-04   -3.348919903500022D-04
    8.550807956092289D-05   -1.408997771737242D-03   -1.435163791674690D-03
   -3.499663914810030D-04    5.846355611516025D-05    1.327532544943254D-07
    1.414279832166699D-05   -1.860289924264062D-04    7.007352904244535D-05
    1.296628925745791D-04   -8.910075776387775D-05   -3.620908488553411D-04
    1.834617092982034D-03    2.245013101562723D-03    8.768376744441772D-04
    2.308956504449958D-04    1.950262260107855D-05   -1.352842015351466D-03
    1.109851033652713D-03   -4.673928418182173D-04   -3.169010654241742D-06
   -8.190610140464154D-07   -3.185199007114980D-06   -1.938438735931949D-04
   -4.975740558743798D-05   -1.323475464110310D-04    4.868553749278195D-06
    3.277441279540975D-05    4.898599063444387D-05   -1.709631860036378D-04
    1.777720176947992D-04    2.165503145772540D-04    8.183471708668295D-04
    2.621954752823646D-01    9.689456735790423D-01   -3.699716742487773D-03
   -1.404410510058732D-02    5.093798668393018D-03    1.965806421560963D-02
   -5.735069237129463D-06    8.133870921692214D-07   -5.234873299543518D-06
   -4.862203010775849D-06   -4.201465967593869D-06   -1.506981065166529D-06
   -4.259741602135239D-06   -4.451733335066182D-06    7.086540960794715D-05
   -4.224832749754503D-04    7.865054678378172D-01   -4.342242095192303D-06
    4.275161693723538D-02   -3.305487278650927D-06    5.067286980952950D-02
   -1.474249460031739D-04   -6.393462336181418D-03   -2.775379539447616D-07
   -1.352250747388269D-06    1.327186380443528D-02    2.350971003089515D-06
    4.651253556828992D-06   -1.956867678572535D-07   -6.373869518352736D-06
    1.293727648702112D-05    3.468862626572891D-04   -7.864992703831547D-01
   -4.753530812842794D-06   -4.271935632108587D-02    1.140234941470538D-05
   -5.076451480626540D-02   -1.051103742655574D-04   -6.394757816469753D-03
   -4.130233454010653D-07    5.805539572719601D-07    1.327711765240620D-02
    1.975907885136610D-06    3.867134893636339D-06    1.467349510819682D-05
    9.638250584254637D-05   -3.505811879105241D-05   -4.471536788703624D-04
    7.927939802304001D-05   -9.447698169665970D-06   -7.703637187821462D-06
    1.102350315752000D-03    8.545360015800006D-04    3.467286020205984D-04
    1.514439704788676D-04   -1.907769558453737D-04    3.145054171219849D-04
    1.140390122242729D-04   -8.163841128837636D-07    1.804264317503831D-05
   -2.253137197012304D-04   -4.764478867404959D-06   -1.605351320091658D-05
    4.521429113509520D-02    5.438213663490865D-01    1.066486865349616D-01
    1.887920652668224D-01    4.083038181763602D-05    1.078720160442560D+00
   -1.553986334288830D-04   -1.745784757274482D-01    5.828680641760468D-04
    3.730517899908659D-02   -1.331648989273970D-05    1.475770908918376D-03
    4.421279059410477D-03    4.639498965328132D-05   -3.673288614279908D-04
   -1.071610309364283D-03   -4.518731108773705D-02   -5.437278732282654D-01
   -1.070032716539579D-01   -1.884886448099554D-01    3.697785404449225D-06
    1.078746454225925D+00   -3.532262354568877D-05   -1.746687247066130D-01
   -2.483451639535407D-04    3.727985338510192D-02   -6.188239532483254D-06
   -1.472547690010738D-03   -4.418771427240280D-03    1.319132314421180D-05
    3.496107272666458D-04    1.044712332392311D-03   -2.655395624032571D-05
   -1.816249707802605D-04   -3.861731277872559D-04    8.034979142221320D-04
   -5.913963010595307D-04    1.068519552775436D-05    4.491041139684342D-05
    7.072385604703204D-05    2.657993324914659D-04   -2.731873412103270D-04
   -7.512192833152681D-04    7.176434086073473D-04    1.013222671243562D-03
    6.450705549972461D-05   -1.129338901579170D-05    4.694154857898105D-05
   -1.360189522207074D-04    2.698273312998737D-05   -1.113953588508278D-04
   -8.188431642728254D-03    4.583366313928222D-02    3.728561290663983D-01
    6.226559145551184D+00    1.253206005255996D-02   -6.826593224065522D-02
    6.124627038375457D-03    3.881251812521589D-01   -4.697505542670975D-02
    2.394872124533924D+00    4.037237212550472D-04    8.510338220675664D-04
    2.498226049748056D-03    3.217193450214692D-04   -1.841047825186497D-02
   -5.600282339958827D-02    6.718425806953498D-03   -3.434276854133449D-02
   -3.375380871838977D-01   -6.297678334523161D+00   -3.504857325388268D-03
   -5.511930514494749D-02   -3.520524395516456D-03    3.994425155230678D-01
    3.380029644786949D-02    2.322257911093855D+00   -1.169522826244121D-04
   -8.018939676767880D-04   -2.406045313066971D-03   -4.216331695131540D-04
    1.853689916526746D-02    5.568913924697765D-02   -1.622505480389016D-03
   -1.001470390797688D-02    7.923257188963218D-03    8.632882266065980D-02
   -1.224321075184221D-01    4.972315904040293D-04    3.122824039732640D-03
   -2.957963745894924D-02   -8.725764771335616D-02   -3.617950724785704D-02
   -1.504034564341912D-01    1.166296174973879D-01    4.779612219807263D-01
   -1.116953704045337D-03    1.254723415202571D-04   -4.402830051779334D-04
   -8.361081219211246D-03    2.832253522987573D-04   -1.336550521602674D-03
    8.491523375057783D-03   -5.585560155052300D-02   -1.972015003837069D-01
    9.337170645330652D-01   -6.223206473545149D-02    5.560987614011829D-02
   -2.975487849509807D-02    7.781087329219973D-02    6.874483483414762D-02
   -8.811774232318861D-02   -3.439593646419499D-03    9.071210326550239D-05
    6.296565474268195D-04   -3.828201285314512D-03   -2.661630356242913D-03
   -3.892652542330427D-03    8.278527287427520D-03   -6.501305389050872D-02
   -2.209138532538305D-01   -1.740357932763388D-01   -6.243385546239005D-02
   -6.502586516341100D-02   -3.962108965019138D-02   -4.087819536576408D-02
    2.063741876498273D-01    5.228052363855878D-01    4.298014017819458D-03
   -4.794312853089588D-05    1.777298502717238D-05   -1.799980054440392D-03
   -6.264254684833857D-04    2.654631318372258D-03    8.739637528331163D-03
    5.444729485138552D-02   -2.470490605614626D-02   -4.549000632959370D-01
    6.537768556940692D-01   -2.763396959665561D-03    1.212267449215568D-03
    1.364512763028255D-01   -3.960332349215466D-02    1.879169415367608D-01
   -6.480472000454937D-02   -6.504194617611992D-01    2.141221679706806D-01
   -1.962593128815488D-04   -1.195884197975907D-04    3.082535977980037D-04
   -3.655438415821984D-03   -2.075330986022596D-03    5.023966469567444D-03
    1.078584147299995D-03   -2.299976715895219D-02   -3.192848169409256D-02
    4.325432456847459D-01    2.577214540701244D-02    2.172988684447607D-02
    5.292119570567801D-02    2.150663418139902D-02   -2.237091025965725D-01
   -2.714181889421492D-02    2.921699141317238D-03   -3.046742403169847D-04
   -5.933554000846695D-05   -6.325223118372835D-03    9.701224148615065D-04
    1.390309425814317D-03    5.095308077512594D-04   -3.016915856658488D-02
   -3.504007523738750D-02   -2.270514724624958D-01    2.793248331174725D-02
   -2.750867391774380D-02    5.068313566810399D-02   -1.243346796331063D-02
   -1.445276951502707D-01    3.022782471181946D-01   -2.518943212051389D-03
   -3.676916494580558D-04   -5.573160509795160D-04    2.594907487354093D-03
    1.579494021637902D-03    4.533683515762521D-03   -1.469405657650815D-02
   -9.103695839088571D-02    5.200157282225703D-02    7.850832519580437D-01
   -1.148385988546534D+00   -5.381725304743960D-03   -3.434533999501976D-04
    1.059436380210959D-01    1.727806770771064D-02    2.361519478969929D-01
    2.438107869018401D-02   -7.636276732741881D-01   -8.518753198662787D-02
    2.714935165945900D-04    2.753057420528699D-04   -7.999111144881720D-04
    1.378716344286249D-03    1.068066430519382D-03   -3.449720687262011D-03
   -2.317077878757418D-03    1.572723630507405D-02    1.572845356474810D-01
    3.738474555413422D+00   -3.017707371617690D-02   -2.460110605853367D-02
   -3.251900715278998D-02    2.220259451817028D-01    3.062229552663956D-01
    1.305064769165787D+00   -1.591673390587069D-03    3.673536912890777D-04
    9.904636539691395D-04    5.018520788038714D-03   -1.017502287585178D-02
   -2.916584626379317D-02    5.302005622073602D-03   -2.702183698368623D-02
   -2.137546475650705D-01   -3.595751242437568D+00    2.554460592333520D-02
   -4.722063076127246D-02    2.251227918359251D-02    1.999577067755988D-01
   -2.689418024624025D-01    1.492139235354546D+00   -1.063031158557662D-03
   -5.324473285928759D-04   -1.640677899347009D-03    4.974713582710201D-03
    1.038745226469741D-02    2.963578332769231D-02    2.876786841732435D-03
    1.787271357381500D-02   -8.432244825486318D-03   -1.526242721529684D-01
    2.237674870553057D-01    4.037623939782395D-05   -5.432249097502092D-03
    6.748325365923428D-03    1.806988026969259D-01    5.255091814526319D-03
    3.061025496914223D-01   -2.460356124035808D-02   -1.039073185801607D+00
   -1.463231301559026D-04   -4.259276275089622D-06    2.506309724566000D-05
   -2.715994951947031D-03   -2.305451429654492D-04    5.615898554981749D-04
    1.276395508869065D-02   -6.349826393616216D-02   -2.922700173598560D-01
    3.279379992437200D-01    1.005154184491932D-01    8.816370139050565D-02
    9.089241606229430D-02    8.062761563988735D-02   -3.577901748360879D-01
   -7.419400797023197D-01    6.954135230134914D-03   -2.624799512166487D-04
   -1.043713641789586D-03   -1.161037233869414D-03    2.056917959487654D-05
   -9.438737373731223D-04    1.274219892535937D-02   -5.943901493154868D-02
   -2.786558538730841D-01    9.012389445680387D-01    9.262163113115801D-02
   -8.306564170026114D-02    8.564178831237661D-02   -9.988788219470653D-02
   -3.220880700260783D-01    5.132379997556338D-01   -6.840985415445170D-03
   -2.021071451189126D-04   -7.595392112741136D-04    1.775198757996586D-03
   -1.050622606903525D-03   -4.197892566643349D-03    3.739392975041653D-03
    2.424249110147879D-02    1.976536823903399D-02   -1.667252695322986D-01
    2.239640947124416D-01   -3.669374429003284D-04    6.900977414633978D-04
   -1.050728723980706D-01   -7.197878004851197D-03   -8.939532525461757D-02
   -2.565475224193015D-02    3.632172968860897D-01    8.182705840085418D-02
    9.725707989031936D-04    5.169563317462666D-04   -1.489077471248834D-03
    5.988935775286552D-03    7.173849398595919D-04   -3.425443547438420D-03
   -4.428347636619814D-03    2.597659841698157D-02    2.296650185573943D-01
   -1.242571336530985D-01   -5.567023059959854D-02    5.111777552950621D-02
   -6.353222266323970D-02    1.829372846458803D-02    5.125999086593553D-02
   -1.216955186117192D+00   -4.810430258281614D-03   -2.750373169807452D-03
   -8.140949686858925D-03   -2.209583233642840D-03    1.095507071611831D-02
    2.706198828875264D-02   -4.478202572536875D-03    2.781486940155772D-02
    2.387101801858329D-01    3.360047147947564D-01   -1.045790237795782D-01
   -4.745021276363361D-02   -1.180723753459460D-01   -3.359065599630737D-02
    6.821376301697037D-01    1.035353579549192D+00    7.410888794570695D-03
   -2.706063199726362D-03   -7.972924139652485D-03   -6.579133399741304D-03
    1.003323582033971D-02    2.493771655448850D-02   -5.130154248844625D-03
   -3.119481110046252D-02    2.772075257091424D-02    3.024765061013941D-01
   -4.787514412367643D-01    1.570345501434579D-03   -2.324836021257622D-04
   -5.881639021975919D-02    8.697014882578145D-03   -1.091824116811025D-01
    1.605944263233863D-02    4.086891624133748D-01   -5.951809753915189D-02
   -3.401766263618391D-04   -2.965045103382988D-04    6.946258441637592D-04
   -3.878030152295847D-03   -3.730832670741789D-03    5.392978154769919D-03
   -2.951277345551447D-03    1.449533398911348D-02    1.091465517636338D-01
   -4.856037711178658D-01   -1.293770499554279D-01    1.165133011044581D-02
   -1.574944560278869D-01   -1.932214746141382D-02    1.922080154341840D+00
   -4.923240359973950D-01   -7.916018331947054D-03   -9.649103654140956D-04
   -2.827188554718782D-03    2.873446294086785D-02    4.247091897124871D-03
    1.189279799176161D-02   -3.449772746350343D-03    2.304689906571277D-02
    1.396865102958777D-01    3.750289137394652D-01    1.272439999436017D-01
    5.052517600393232D-04    1.569904454177277D-01   -1.329756332691187D-02
   -1.919302866432216D+00    1.365962002961246D-01   -7.784556291823504D-03
   -8.667782769348635D-04   -2.658390822657077D-03    2.832062166881181D-02
    2.196559206060282D-03    7.770875313317751D-03   -1.092817364606374D-03
   -7.294266674139008D-03   -1.232160624168457D-02    4.334463030956469D-02
   -5.823534067952121D-02    9.684068060097932D-04    1.449188825791260D-03
    1.700856771436895D-02   -5.615484426399038D-02   -1.030574183992750D-02
   -1.067162514978615D-01    2.540438431571836D-02    4.072594094896805D-01
    4.054792133340245D-03   -3.704572230076889D-04    1.579334596309194D-03
    5.391998517015420D-02   -4.265717805844020D-04    7.266419861408228D-03
    1.405316663019014D-02   -9.583080249075578D-02   -5.126942776313704D-01
    1.358956477593480D-01   -1.012787129227848D-01    3.204790459465578D-02
   -1.160599447162569D-01    3.870177643768104D-02    7.742966453412894D-01
    4.349235660057254D-01   -7.439638978920403D-03    2.368962480920564D-03
    7.535608067256793D-03    6.453625029190937D-03   -5.595369755524156D-03
   -2.979350067405791D-02    1.391908860563205D-02   -9.228660512093698D-02
   -4.990556357803362D-01    8.886448797774867D-01   -5.833056164428738D-02
   -2.467433231550878D-02   -5.655888797376375D-02   -6.088718131402041D-02
   -4.777716706327828D-03   -7.401371189824143D-01    4.277529611783838D-03
    2.434994866509689D-03    7.722534790598980D-03    6.189295871286407D-03
   -7.111899114085998D-03   -3.241437557574882D-02   -6.888229480803678D-03
   -4.100455766937157D-02    5.453139852150502D-02    4.451397558371833D-01
   -7.462155155082333D-01    3.391946155767535D-03   -2.089303845088545D-04
   -7.992676200544266D-02    5.263136034735094D-03   -1.965773944645594D-01
    1.229884823025752D-02    7.309577697685955D-01   -4.476437029896300D-02
   -5.760115388174311D-04   -1.018029297073078D-03    3.109736090961993D-03
   -1.113256650558590D-02   -1.315914163015979D-02    4.145210336990960D-02
   -6.671231798870961D-02   -3.823709016109211D-01    1.630645312135515D+00
    1.576222318916792D+01    2.983597524099066D-03    8.797142318028633D-02
    1.578563587600357D-03    2.088353920058800D+00   -2.595435880550390D-02
    4.237547926881876D+00    8.482084668146908D-05   -1.282833879466288D-05
   -7.256106274833395D-05    3.939916523989130D-04   -7.545269566973882D-02
   -2.261486324253258D-01    6.680804185277178D-02    3.836975592697060D-01
   -1.630626477946467D+00   -1.576354207292863D+01   -9.352927224929567D-04
    8.833107328947927D-02   -1.777875961554500D-03    2.088311243841775D+00
    2.263235444389604D-02    4.238084140535651D+00    7.313892508151176D-08
    1.767032777783042D-05    6.247195621691277D-05    7.899016616867146D-05
    7.535020320322683D-02    2.258364713906582D-01   -1.578617953593558D-04
   -1.048686578631606D-03   -1.407776000856345D-03    4.654267811324106D-03
    1.154766347660542D-03    1.122145757020956D-03    4.477592368808572D-04
    1.021611248910986D-02    6.154899450506287D-03   -1.591015503826808D-02
   -1.325080770631766D-03    3.873039904922252D-03   -2.656534079540343D-02
   -2.004780358937577D-03   -1.504377940490731D-04    8.574610843496770D-04
    5.132913962495260D-03   -2.813217277620210D-03    1.559589243386366D-02
   -4.484936865139999D-05   -2.107361438870821D-03    1.352119013524688D-03
    1.163024703297422D-01    3.489103765821234D-04   -1.091232291996102D-03
   -4.941575883356593D-04    7.921979081059760D-03    2.845098170566999D-03
    4.613626509603640D-02    6.919361108211724D-05    2.025024718876977D-05
    4.070928360171577D-05   -1.874512243536951D-04    4.516210639353400D-05
    3.989375057219158D-04    1.710110505090376D-04    1.796807099937098D-03
   -8.838319197691819D-04   -1.233285872360710D-01    1.753658139686857D-03
    2.876907932063825D-03   -1.994770416062226D-05    5.921546998935469D-03
   -6.841309806568112D-03    2.183446081881091D-02   -3.009906902285993D-05
    1.562888872223582D-05    2.937428344169036D-05   -5.478666695255077D-04
    4.695774847162123D-04    1.642983042570198D-03   -1.986389390566347D-05
   -1.523489985359907D-04   -6.623710699394404D-04   -6.068612630441527D-05
    1.212717634064841D-03    8.357204545624924D-05   -6.199383618590105D-06
    1.067477719288862D-03   -8.417013738503918D-05   -6.052823472838348D-04
    6.039257717576229D-05   -1.563670335491973D-03   -2.349431333102661D-05
    1.556752813701056D-02   -3.943065248544885D-02   -3.788663795560238D-02
    8.929079722550458D-02   -2.258411648261454D-01   -2.169746863650974D-01
    4.817795779170608D-03    1.906398892555468D-02   -1.098016059626498D-01
   -4.009951575051220D-01   -1.269854864848476D-02    8.151715086503109D-03
   -9.757915367337519D-03   -1.010475553961515D-01    1.584740971637988D-01
   -1.601096118266812D-01    5.678333821186030D-04    4.132334289262006D-05
    1.212697376705210D-04   -4.847945828376157D-03    1.921961376341971D-03
    6.451584206221221D-03   -3.815427014453779D-03   -1.035055688607593D-03
    1.122451772192187D-01    3.897880591204629D-01    3.364201153955498D-02
    3.973773590552770D-03    2.456884987278592D-03   -9.743062848812553D-02
   -1.965638779234456D-01   -9.315618078805882D-02    3.803500569465882D-05
   -5.531043605257772D-05   -4.546414257165464D-04   -1.181665937142360D-02
   -5.777723248826298D-03   -1.405283936114383D-02   -2.057968373247316D-04
   -1.536710666242777D-03   -5.971098192549709D-03    1.260990419995559D-03
    7.125675728978482D-03    5.054729717025534D-04   -1.067858794240872D-03
    6.870732029563494D-03   -1.479214264158320D-02   -3.185264325186325D-03
    5.488969890206893D-03   -9.766762826790553D-03    3.076531860646545D-02
   -1.577939448722014D-01   -4.896836285879795D-03   -9.417879935081917D-04
   -8.915341396968159D-01   -2.746769904653071D-02   -5.929798900029148D-03
    5.622592026605176D-04    4.034298902089242D-02    6.954310229757082D-02
   -3.486897909859738D-01    5.712026165713650D-02   -1.583850109487479D-02
   -3.169113834176627D-03    2.508051872385217D-02   -2.163569830054260D-01
   -1.066504808586342D-01    1.248419471832488D-03    9.121666959009750D-05
   -8.051970073301144D-04    1.890477995106070D-02   -7.799619605411648D-03
   -8.902964632925127D-03    4.479614782134398D-03    3.177306554848605D-02
   -4.853678799201824D-02    2.350970739287098D-01    2.880905352775586D-02
   -3.017938012528512D-03   -1.996234984052152D-02    2.760806463603608D-02
    4.344843377176933D-02   -2.634277276978831D-02   -1.670213118214941D-03
    1.127717221576760D-04   -1.505508403427491D-04   -4.665389183233180D-03
   -4.485880882086683D-03   -4.636820760222499D-03   -9.513959950777973D-04
   -7.488216024273625D-03   -3.583082327348622D-02   -1.126181869300130D-02
    7.971540182106988D-02    2.469081193015587D-03    1.798456718553175D-04
    3.727895717825107D-02    2.362770056397007D-03   -6.331448117232133D-03
   -1.190581541967202D-03   -1.036867479931018D-01   -3.714042291338314D-03
    6.761834209898871D-03   -2.235151892262302D-02    7.042132788235109D-02
    3.714975747171143D-02   -1.237676728983249D-01    3.898445627253128D-01
    7.879690702575679D-04    1.180660396031582D-02    7.714777115645647D-03
    4.156100708269855D-02    1.994711406578325D-02    1.896870120537947D-05
   -1.831018542522628D-02    2.352274069562600D-02   -2.232804488529489D-02
    2.219045413863619D-02    2.156097260665269D-04   -1.516771977183130D-03
    1.491467722023890D-03    1.293707199827757D-02    1.418664520999037D-01
   -1.575492819523711D-01    2.968632466352507D-03    1.584347652693907D-02
   -5.469910159229847D-02   -4.313192008159998D-02    1.374805544645125D-02
   -4.101875851207453D-03   -1.838201243930246D-02    3.067088189187992D-02
    2.636369288420556D-03    1.404477610690296D-03   -5.025793883278418D-04
   -1.490221607192282D-03    1.717262122693088D-03   -7.397947028765855D-03
    1.441583188081219D-01   -1.526056759900418D-01   -5.065005646369315D-03
   -3.600525683674353D-02   -1.021941566864405D-01    9.799092549637836D-02
    2.182273988451656D-02    2.352182474391986D-02   -3.627019827186936D-03
    2.249814299360003D-01   -3.446887534042490D-02   -2.654877179649706D-01
    4.139774273587563D-02   -3.491381611413574D-03   -1.693698503907529D-03
   -7.833379840984149D-04   -1.110153214682752D-03    3.125917756983690D-03
   -6.593694950979992D-04   -1.296666503254548D-03    3.664689609001894D-03
    8.351022629250361D-03    3.993648087350200D-02   -1.995259846834472D-01
   -4.385953690235188D-01   -1.903569576239607D-02    6.173313895108970D-02
   -7.723693418852064D-03   -1.578105239562716D-01    1.133222099965113D-01
   -6.178236978867425D-02    3.652729927437033D-04   -4.983388787679957D-05
    1.092036569748320D-03   -2.641997504652607D-03   -9.955829191647784D-03
   -5.393016175013424D-02   -5.317091398795822D-04    1.463090821704554D-02
   -3.438412677996533D-02    5.163617921129128D-01    1.951715675055034D-02
   -2.833958758974634D-02   -1.094164496697291D-02   -3.415253838043183D-02
   -9.968932586208598D-02   -2.602282301636158D-01    8.815007247014268D-04
   -1.816594483983577D-04   -1.800441120325996D-03   -3.124295619549963D-02
   -2.410937586626009D-02   -4.501967776264361D-02    1.316114053922109D-03
    9.387498379639642D-03    2.675555742043807D-02   -2.346073354894619D-02
   -1.185560215778171D-02    2.821076410154751D-02    1.923725595473708D-01
    2.500959287979000D-01    1.713006350231910D+00   -3.444540099775223D-01
   -2.325602736034927D+00    1.122325603254627D-01    6.352788851817163D-01
   -3.077922010341862D-03    8.364759619109440D-04   -3.467619305043038D-03
   -2.585206644024277D-03    7.784269018682466D-04   -3.062757913024982D-03
   -1.358969014351137D-02   -1.148549949363330D-01    5.132037003737229D-01
   -4.114074375778835D-01    5.177313671463707D-03   -2.537050341405645D-01
   -1.664752577666139D-02    2.397657947077053D-01   -5.124258753058090D-02
   -6.741182845988323D-01    1.358407673845256D-03    9.023016965601344D-04
    1.750808598253287D-03    1.289076454865073D-02    1.107665600243592D-01
    2.725168246412243D-01   -2.188696042288744D-02   -1.303025415213166D-01
    7.779272086352695D-01   -4.992829454840668D-02    2.809354914503781D-02
    2.661041639592921D-01   -2.294529537398621D-02   -4.775611056855763D-01
   -5.021446090666383D-02    5.994473427735593D-01   -2.512060949290512D-05
    7.396362284305939D-04    1.241326191564893D-03   -3.818857564531008D-02
    1.028793622383758D-01    2.461624051420658D-01   -8.773851712689703D-03
   -6.236696953745057D-02   -1.743425744903301D-01    1.670664089626238D-01
    4.797688824199826D-02   -1.114415805789043D-01    3.974346472831989D-02
   -9.828481803418011D-01    3.513593601802903D-01    1.368011828686857D+00
   -4.854776420418355D-01   -4.711839316204263D-01    1.560445305792822D-01
   -1.327661653536958D-02   -4.446709920979353D-03    1.568520473792648D-02
   -1.022904861313747D-02   -3.476623612492433D-03    1.189407928662783D-02
   -2.837914622497311D-02   -1.617306189350030D-01    6.867112114470285D-01
    1.371867256941700D-01    4.078763915138352D-02   -1.711934401508345D-01
   -6.944731177045325D-02    4.276609263010273D-01    8.414606815524946D-02
   -4.522224896051401D-01   -5.449565988882832D-04    3.225551473289218D-04
    2.173655882548061D-03    5.766531844403202D-02    4.607229942533965D-02
    1.925685819674531D-01   -1.611725285912528D-02   -1.418189042265380D-01
    2.638612133075388D-01   -2.452585516215021D-01    1.557925013578857D-02
    1.561265180706536D-01   -6.174396952082869D-02   -5.850899466338722D-02
    4.454256273831665D-02    5.054046635570915D-01   -1.133181135868059D-03
    5.624132729546159D-04    2.439211692421207D-03   -2.739309637320480D-02
    5.701790812359547D-02    2.396241202463006D-01    6.170300189239435D-03
    4.355450121779905D-02    1.168031912341845D-01   -1.311125151276560D-01
    1.927711651607563D-03    1.600452407478051D-01   -6.098328095350998D-03
    1.414944051114528D+00   -5.456295524494784D-02   -1.945575111487671D+00
    7.227506475288312D-02    5.739087879147691D-01   -1.218319451301983D-02
   -6.790164537352838D-03    4.785576289219424D-04    7.799628011693115D-04
   -4.960923853553894D-03    2.045905909845835D-04    7.231534964800779D-04
    7.653721290498728D-04   -5.028433581495934D-03   -1.145231458482639D-01
   -9.246679470780396D-02    8.676500977909674D-02    3.850980074955968D-02
   -5.073848676324362D-01   -1.206228526753441D-01    1.928029173966122D-01
    3.632128335094804D-02    5.676416132043787D-03   -2.007904238283558D-04
   -1.428330453276934D-04    6.720091834791205D-01   -6.195201907227896D-03
   -1.201839939718756D-02   -4.242812692003185D-03   -1.404194458110071D-02
    4.523873511555878D-02    1.394575735542777D-01    9.567005022236444D-02
   -2.815330974629305D-02   -5.106916134489758D-01   -2.723924976887734D-02
    1.814496025275235D-01   -9.106932447667954D-02   -5.248592627097802D-03
   -3.049776809852498D-04   -6.317163293622990D-04   -6.813256915038034D-01
   -1.205085343757121D-02   -2.540104567172515D-02    1.023789546104277D-02
    7.256259997592787D-02    1.982463521325371D-01   -2.025878709783049D-01
   -3.851396207569741D-02   -6.542676706056957D-03   -5.901339864777489D-03
   -6.164678660200414D-02   -5.024734286105850D-02    6.485373108584683D-02
    7.538248413971875D-02    5.912838771619282D-02   -3.893558994302547D-02
    9.560018527271917D-03    5.051524998673183D-03   -1.450032453226331D-02
    4.136875445596306D-03    2.629046683803564D-03   -7.521312820935541D-03
    1.940348212171658D-01    3.314225436687526D-01   -6.502606342399282D+00
   -1.025544626945992D+01    2.621696708048451D-02    4.788662399306070D-01
   -1.526085082457779D-02   -6.294877303699848D+00   -3.988766001968042D-03
   -2.291757252610364D+00   -4.607308676226393D-04    7.585667657572127D-03
    1.958669856837086D-02    8.648872589574539D-03    1.621206843700387D-01
    6.060806993731249D-01   -1.930719973566561D-01   -3.262005096506152D-01
    6.498969118919385D+00    1.025522430664114D+01   -4.005677551370304D-03
    4.853440271088649D-01   -2.951051673821767D-04   -6.304410126002540D+00
    2.218082586987297D-03   -2.285989903944338D+00   -8.332890685352672D-04
   -7.526935227957357D-03   -1.941177505237070D-02    2.462740470752928D-02
   -1.617509427089933D-01   -6.044695291039046D-01   -1.486731914467365D-03
   -1.057522021603398D-02   -2.930501097421494D-02    2.823132965036540D-02
    6.392756147238296D-03    5.689265187307424D-03   -5.416970140022284D-03
    5.008418964820657D-02   -4.373844175976518D-02   -6.496017542960264D-02
    7.252856487540915D-02    2.931557805055145D-03   -4.444702495436385D-02
    2.527454446325838D-02   -2.454152251124851D-03    1.315478990928704D-02
   -2.178054315611663D-03   -1.982928841125441D-04    5.441247009576077D-04
   -2.436503144764925D-02   -4.244079149949139D-02    8.181073247893762D-01
    1.259769602606077D+00   -1.561307044562356D-02   -5.654899864916968D-02
    9.071035365427863D-03    7.850772751942068D-01    5.872272718319620D-03
    2.760483082498534D-01    3.070813569387690D-04    5.386628447500683D-03
   -8.591338322413527D-03   -8.504744907416290D-03   -2.645621779531838D-01
    1.668843419069312D-01    2.323378121171511D-02    3.605572537926649D-02
   -8.118258362335610D-01   -1.256512236916323D+00    5.154540034845723D-03
   -6.024509447023897D-02   -1.171983369394145D-03    7.898985640359328D-01
   -2.430842384168867D-03    2.773725623079936D-01    5.547487352186814D-04
   -5.425367738616937D-03    8.563000170466937D-03   -1.422917007173856D-02
    2.643032556757678D-01   -1.661559705174022D-01    5.020583549761456D-03
    3.532022439340687D-02    9.185913085731058D-02   -1.112066249645295D-01
    1.298327256489313D-02    1.955672873411413D-03    6.817550445604323D-03
    1.545343277510735D-02    5.687052694373182D-02   -2.702228947836206D-02
   -8.710161861257862D-02    2.100477115007843D-02    4.194989786320009D-02
   -6.163060532465895D-03    1.041968256058437D-03   -4.213873055146483D-03
    6.558771567574264D-04   -5.740990228257774D-05    2.321451515738915D-04
    4.831768001931590D-03   -4.441284030975690D-03   -3.824108231515900D-01
   -5.295209920156317D-01   -6.766257993698338D-01   -1.896075538428028D-02
    3.031379934427513D-01   -3.052927432623122D-01   -7.686992665769737D-01
   -1.178107208520166D-01    3.081981302898541D-02   -5.306269621023914D-04
   -1.559144544673103D-03   -9.781724663219094D-01    2.186638696619993D-02
    5.562512015381949D-02   -1.979971704310606D-03    1.956245756456134D-02
    3.605823770051235D-01    5.312961257423784D-01    8.284152802912189D-01
   -1.036595447022534D-02   -4.709564209534021D-01   -3.177490221411760D-01
    7.986687649676426D-01   -1.223144379035565D-01    2.752248223824445D-02
    6.085820320318334D-04    1.712532973712284D-03   -9.478629744472132D-01
   -2.241671943651984D-02   -5.754868118116887D-02    4.938309429859303D-03
    3.453864236283990D-02    8.635529335673484D-02   -1.188682328862605D-01
    3.917942406700833D-02    4.107300886157671D-03   -7.096680980886256D-03
    3.453740787832173D-02   -5.562404446270404D-02   -4.869903587910440D-02
    9.970562236881404D-02   -1.746438992426415D-03   -9.137990422400238D-02
    6.547799559293037D-02   -2.014596091008656D-03    1.559901563711801D-02
   -1.335447983488139D-02    9.388544301753187D-05   -2.297825033773875D-03
    1.957364313599164D-02   -9.192210289493230D-02   -2.826229802848076D+00
   -4.553125800461295D+00    5.447948662726638D-01   -2.650975338609342D-01
   -5.627091309930030D-01   -2.106794147475431D+00    1.676818900437090D-01
   -1.167626071927039D+00    7.397435042437869D-03   -6.004753114058508D-03
   -1.915632655035595D-02    7.303525448720668D-03    1.725934952122121D-01
    5.022976347181580D-01    2.110326280469570D-03    2.073338022929376D-01
    2.684605256828539D+00    4.553865697575644D+00    4.063116905259163D-01
   -2.041880951548719D-01   -5.026511201439151D-01   -2.195554416064445D+00
    2.027913040491624D-02   -1.154302715084338D+00   -1.279292631587904D-02
    6.822807439138995D-03    1.925729184515369D-02    1.828356344790946D-01
   -1.712748302158579D-01   -5.156569368607040D-01    1.256458728594053D-01
    8.814940961884111D-01    2.240063623982688D+00   -2.875532101254819D+00
    5.437396877524772D-01   -4.548903034493256D-03    3.866234052053209D-03
   -3.853273154214282D-02    3.174881270802662D-02    5.315823543865972D-02
   -4.977804766987667D-02    5.489944777432415D-03    2.792482150103501D-02
    2.828563468207051D-03    3.974433860804497D-03   -9.412565452470038D-03
   -1.840734185675221D-03   -7.067396664461362D-04    1.361260321831553D-03
   -1.277303005233278D-03   -2.104683907336511D-01   -2.806094327246012D+00
   -4.775143452987978D+00   -5.178639355045415D-01   -2.204118722621526D-01
    5.816430001426947D-01   -2.276965324816089D+00   -9.422653240951302D-02
   -1.223518790168384D+00   -1.124441003355881D-02   -7.004563690451847D-03
   -2.003124197900584D-02    9.117892418514731D-02    1.749071829795985D-01
    5.426896510239871D-01   -1.767728487185399D-02    1.097256214261788D-01
    2.932227416359457D+00    4.776069063552404D+00   -5.225939226174404D-01
   -2.705726591742402D-01    5.931548953583347D-01   -2.204623040880282D+00
   -1.230540034612303D-01   -1.224940654263835D+00    1.115681386009372D-02
    6.333901639571072D-03    2.008292097518042D-02   -9.203950741351165D-02
   -1.756018335581097D-01   -5.294373732737909D-01   -1.068393495813564D-01
   -7.495936497131213D-01   -1.905237969024779D+00    2.443551090415138D+00
   -4.599626713749272D-01    8.292635889345085D-03    2.765486456369247D-03
    6.984184085359905D-02    2.240522606668430D-02   -9.870636026483319D-02
   -3.687099868795007D-02    1.195599490750618D-02    2.780340168916070D-02
   -7.081682164617898D-03   -5.649920975764763D-03    1.797457418363319D-02
    1.886700162941538D-04    1.181412433783086D-03   -3.987913136903684D-03
   -4.792256064588648D-02   -2.588629908088786D-01    1.785220011972476D-01
   -3.246177196560273D-01    7.473803374997547D-01    1.091058628308618D-01
   -8.998845722318591D-01   -2.926777291929761D-01    3.309230101500825D-01
   -5.688824071693081D-02    1.573452996145649D-02   -2.179845032296826D-03
   -3.356830599884374D-03   -3.460831507379990D-02    8.705645942617935D-03
    6.531998800783173D-02   -4.365340964491586D-02   -2.232499880132030D-01
    4.541797828627562D-01    2.766111285885350D-01    6.829911943557005D-01
   -1.654153017414929D-01   -8.511359677054916D-01    1.211732102753043D-01
    1.856780251810473D-01   -1.348938024080668D-01   -1.784190983631567D-02
   -9.420058606243756D-04    2.811373985149686D-04    1.104109753774916D-01
   -6.098410018842133D-03   -1.473871224398853D-02   -1.638805864731541D-01
   -1.148386112720060D+00   -2.893307893519394D+00    3.810216928341708D+00
   -8.682193900363245D-01    5.603958542356229D-03    2.072619450666978D-04
    4.041691004336876D-02    2.111970805930500D-03   -9.171114428182653D-02
   -1.090592250405737D-03    1.480708122919357D-01   -7.292127476144316D-03
    1.616658280137561D-02    1.669120264158372D-02   -4.816831833549431D-02
   -5.051199448972359D-03   -5.088398498289629D-03    1.466643826080768D-02
   -2.450834844328587D-01   -1.224500701713414D+00    2.100697568616428D+00
   -3.488438800153325D-01   -3.341863640116175D-02    6.511368270535777D-01
    4.943511835390010D-02   -9.934370334357491D-01   -5.204230785910800D-02
    4.537117630740834D-02   -1.012250792379917D-03   -3.304746619737663D-03
   -1.186667421963176D-02   -6.219331336103563D-03    6.105682896820260D-02
    1.715868347369443D-01   -2.448208910223135D-01   -1.232177787902065D+00
    1.977076980641585D+00   -7.204795452745575D-01   -3.744792196881914D-02
   -6.489729974290117D-01    6.215869855953766D-02    1.112975453945191D+00
   -3.176288580339467D-02    6.055302695573553D-02    1.311976708665318D-03
   -3.422236437156022D-03   -1.207867901547341D-02   -2.627233388417241D-04
    6.632917845113831D-02    1.932412901274810D-01    3.355891120700954D-02
    2.344612948476111D-01    5.765068948640407D-01   -8.084477314452099D-01
    2.476633064120304D-01   -9.066593516973826D-03    1.471403713682819D-03
   -6.664656829794086D-02    1.103563949366200D-02    1.360067359239631D-01
   -2.122608916521572D-02   -1.537433665810396D-01    2.039766033787406D-02
   -1.120497369879165D-01   -8.653342039702520D-02    2.468634718347064D-01
    7.191880206607999D-02    5.536096747893456D-02   -1.579223172192248D-01
   -8.457008265984133D-04   -2.746532858251339D-03    2.836557884132152D-02
    7.015671388674877D-02   -8.423518871989010D-04    4.428909658723121D-03
    1.933129383505262D-03    1.604226322280571D-02    7.843531671400091D-04
    2.895233656902271D-02   -2.197257146516144D-05   -7.284011610906606D-05
   -2.576364660722324D-04    1.194046063953798D-03   -1.210539805964754D-03
   -3.801031920412766D-03   -5.948215336976743D-04   -4.991137576893668D-03
   -1.840482583732451D-02   -7.634951712585511D-02   -2.474601069259090D-03
   -5.197096790767926D-03    2.884346967947904D-03    3.309069152595820D-02
   -3.248884681539028D-03    9.363319725944194D-03    3.088091791694116D-05
   -8.122250596114874D-05   -2.767344269448820D-04    1.241417947957954D-03
    1.035762590034271D-03    3.045279375628479D-03    2.365198656868176D-04
    1.652777679417468D-03    4.061929042488785D-03   -5.678933374286864D-03
    1.702126605188032D-03   -1.449531597783243D-04   -2.292417663656671D-06
   -1.121099463405503D-03   -1.793646602591431D-05    1.966950163552762D-03
    3.363956543489082D-05   -1.444001075715675D-03   -7.748599176827488D-05
   -1.413390366482049D-01    3.070592503317172D-01    3.007516238851179D-01
    9.815622222153314D-02   -2.132064066363341D-01   -2.088244109682686D-01
   -9.663831636898570D-03   -3.660529286399090D-02    2.021445071926634D-01
    1.409861825507878D-01    1.116983407230501D-02    4.984609016601297D-03
    1.109100425340782D-01    1.141669536114816D-01    1.168855292142713D-01
   -5.005152788823203D-03   -2.285029785572952D-03   -4.353516242300487D-05
    1.551903702463108D-07    1.450246873696739D-01   -1.811659737146902D-03
   -2.620145559297205D-03   -1.054099061914004D-02   -6.232114905959510D-02
   -2.896929576993387D-02   -1.813451678437867D-01   -2.926098584909528D-02
   -3.320262678719035D-02   -8.291680876458273D-02    1.739770412232604D-01
   -1.306974829781851D-01    3.930373208793490D-02   -1.142456792922955D-03
    1.632100772362492D-04    1.209253198020263D-04    1.478206339067888D-01
    8.354960902776340D-03    2.143275545412670D-02    9.496854808720015D-04
    6.641235528734773D-03    1.638231839164223D-02   -2.246129256148723D-02
    5.587056117628702D-03   -4.677373603360938D-04    1.934575817094905D-03
   -3.608518258809660D-03    1.467470374164622D-02    6.249465441067381D-03
   -2.737453069187552D-02   -3.065174530775083D-03    2.498586472758195D-02
    1.206909274542599D+00    1.112460805477684D-02    1.074083243089484D-01
   -8.438629501889322D-01   -7.745277049656828D-03   -7.520123614832808D-02
    1.374058827522636D-01    6.893068465860582D-01   -1.048174420038918D+00
    6.544455661600139D-01    1.603219123926123D-01   -3.493045679127833D-01
   -2.454472594995771D-01    7.186816513731302D-01    2.030244837482215D-01
    1.282518463600955D-01    5.973150627033277D-03    3.277840430822674D-04
    5.298679272671305D-03    3.140130046426508D-02   -4.844184787796736D-02
   -1.253990894976224D-01    1.392364890053751D-01    6.747645556825578D-01
   -1.327898591272190D+00    2.811467654298430D-02    1.112107629317997D-01
    3.237363827460115D-01   -1.748800056050588D-01   -3.874584676935909D-01
    3.612693459941588D-02   -8.450705573512069D-03   -5.388616645807822D-03
    6.976318699940862D-04    5.307464466634516D-03    4.319604389195804D-03
   -3.408615283475461D-02   -9.789256907330582D-02   -3.027603909237590D-02
   -2.113000513173218D-01   -5.153387664073931D-01    7.394445363964843D-01
   -2.505347898778595D-01    9.895406784701471D-03   -7.691055333983205D-04
    7.227208105210467D-02   -5.637923436775435D-03   -1.499175214531090D-01
    1.152718014068974D-02    1.800802437736418D-01   -1.319288139081423D-02
   -1.294854879627062D-01   -1.546197263557903D-01    4.610157752347241D-01
    9.435788499271093D-02    1.127872266401357D-01   -3.362666548485518D-01
    4.880244236148739D-04    1.919660123833833D-03   -8.862915690771439D-03
    6.424481413508388D-03   -5.852064612313614D-01    1.401507350892942D-04
    3.099245445278358D+00   -4.468370921396999D-03   -2.022333332319493D-01
    5.729231843342013D-03   -3.713270893867542D-02   -3.007961115577889D-06
   -1.084069397120180D-05    1.995670794133413D+00   -6.155045675296141D-05
   -5.107444667860681D-04    7.383178135007230D-04    3.970209195855791D-03
   -2.068884737952317D-03   -3.662135087913926D-03    5.860567354944417D-01
    2.216501697273999D-03   -3.100829146662119D+00   -7.719648828747468D-03
    2.034223098638396D-01    1.870863773049930D-03   -3.724043425428589D-02
   -2.571927438910274D-05   -4.499768326147526D-06    1.995352085336967D+00
   -4.076137256164851D-04   -6.856990525396080D-04   -1.037800012863798D-03
   -7.269740866013520D-03   -1.801656621060409D-02    2.369373595775468D-02
   -3.379924096355377D-03    2.960244777526951D-04   -4.232638883355561D-04
    1.948428399980000D-03   -2.971399996388608D-03   -4.073113862150608D-03
    7.159269795704310D-03   -1.702591398972420D-04   -1.242979218299616D-02
   -5.425643004274144D-02   -1.493204320519668D-03   -1.862612193582415D-03
    4.319344050937845D-02    9.896011923794042D-04    2.115204284509284D-03
   -6.008124782862185D-01   -2.447792810607784D+00    1.647233655503215D+00
    1.049011640959918D-01    6.580613488896517D-04   -7.413927618670364D-01
   -9.243975516103289D-04    1.274084706272788D+00   -1.640368531264427D-03
    1.617157512240254D-01    2.069597129057080D-04    2.892760450990791D-02
    8.643590069183497D-02    4.168958894163365D-05   -1.666340581843410D-01
   -5.002153617198412D-01   -6.010496929230784D-01   -2.448873428809577D+00
    1.647467237753651D+00    8.885160178973768D-02    8.326064743164227D-04
    7.414632851351592D-01   -1.430557476374502D-03   -1.272825043449572D+00
    1.315332883254427D-03   -1.562269415328111D-01   -2.190313166203941D-04
    2.891345677364493D-02    8.649388823963190D-02   -8.610554985578690D-05
   -1.665882742929601D-01   -4.998426267181473D-01    5.783307948410838D-04
    4.086102908014565D-03    1.041900729601457D-02   -1.152617168931016D-02
   -2.414449275969182D-03   -2.486854102324643D-03    2.467098868100308D-05
   -1.873392142078001D-02    3.562481452227956D-04    3.192629961704311D-02
    4.199312019298025D-04   -1.287495596667123D-02   -3.839870758494771D-03
   -4.641962906511932D-03   -9.990232342639376D-04    3.838659536449641D-03
    5.854271226399955D-03    1.326739869687887D-03   -4.995154898287269D-03
    1.761534763577880D-03    6.789599721190620D-03   -2.378656957491911D-02
    4.454100804246287D-03    7.049468077218070D-02   -4.801986403489630D-03
   -1.673837369481570D-01    1.151633715260123D-03    4.118370961902569D-02
    1.066268766307998D-03   -7.779671443533482D-01   -1.530351315833292D-03
   -6.916317070990159D-05    4.990591813957679D-01    1.415322176861799D-04
   -6.441645671622167D-04   -2.931948103591915D-04   -1.064804546442077D-03
    1.041633953880037D-03    9.959049734512695D-03    7.003666642848295D-02
    3.546169482115760D-03   -1.665963431999580D-01   -1.161622818190703D-02
    3.603891968761650D-02   -3.421363624936734D-03    7.782929212935641D-01
   -1.449244343283971D-03   -3.412017574762532D-04   -4.985587129548516D-01
   -3.655252777915994D-04   -2.207303743546279D-03   -1.655079455539410D-03
   -1.145724182811657D-02   -2.620174094571566D-02    4.462215324170000D-02
   -2.484298905604694D-02    2.138045054171832D-04   -4.192930626740867D-04
    9.730166470252846D-04   -2.915936971582948D-03   -5.766994309691760D-03
    6.287648598696918D-03    1.831665815962952D-02   -6.962166230555430D-03
   -1.712694218000422D-03   -9.714880853609761D-04    2.773660169548346D-03
    2.415464011499308D-03    1.430882308479910D-03   -4.081576702789911D-03
   -1.385144352139437D-04    6.875415653758781D-03    3.065794894116262D-02
    1.355181105856808D-02   -5.308209065364730D-03    2.510011069102241D-02
    1.230255554171764D-02   -1.963928302800030D-03   -1.904619131325025D-02
    1.706782130591272D-02    3.700456882476842D-03   -1.971128145807770D-01
    2.198062237845229D-01   -4.576490134809290D-03    8.873703409053690D-02
   -1.013682650661940D-01    6.415572846135024D-03    3.132740659252974D-02
   -5.625694805983914D-02   -3.201105112141885D-02   -4.413620954255595D-03
   -2.148418567065026D-02    1.037242688165192D-02    4.491096412697157D-02
   -6.739159517302172D-03   -2.868219919333171D-03   -4.643834642543043D-03
   -1.977059037101426D-01    2.212101968352469D-01    3.978321210038033D-03
    9.097711530176798D-02   -9.571591146414787D-02    3.118511111638264D-03
    2.166136448373707D-02    5.027936426939927D-02   -8.007479923340456D-02
    3.519082778676842D-02   -3.313253469887483D-03    4.628680232029330D-04
   -2.311368750926151D-02    3.265833946664229D-03    4.858767954580774D-02
   -6.637541885203105D-03   -4.839042235294082D-02    5.942135361285513D-03
    4.820711289277979D-04    6.713219325508946D-04   -1.880176075306404D-03
   -6.399513913424767D-04   -9.415288456118982D-04    2.638733156429899D-03
   -1.095027241230439D-01   -5.678376220928708D-01    7.821585612685764D-01
   -8.169463614196752D-02   -5.302421074410211D-03   -3.474995419409589D-01
    1.191949733187126D-02    3.068640685888085D-01   -1.529042166095895D-02
   -2.524669440991985D-01    3.531563372130355D-03   -1.159867148897654D-01
   -3.036260208130557D-01   -4.364647496072589D-03    5.869510261965695D-02
    1.547875872952036D-01   -1.003310250309002D-01   -5.334766537954123D-01
    6.613115789492423D-01   -1.254755244318644D-01   -4.658862049095950D-03
    3.516800034612649D-01    1.062173688301145D-02   -2.463667408895805D-01
   -7.523630595245054D-03    2.636876178481200D-01   -4.337292612127469D-03
   -1.164257782852957D-01   -3.025187906031755D-01    3.937826396326505D-03
    6.160767463813961D-02    1.625590461775848D-01    2.149611404948432D-03
    1.485761965953454D-02    3.363188548295939D-02   -5.891331507501329D-02
    3.449908768791474D-02   -3.188312324264641D-04    3.118224034924984D-04
   -1.319921889987407D-03    1.998113344625063D-03    9.250035573716588D-03
   -5.498919251371625D-03   -2.958296460935418D-02    9.724253976052083D-03
    4.560996421443855D-03    1.428545713265048D-03   -5.074570028610358D-03
   -6.878927856706307D-03   -2.169735997162944D-03    7.651167434486338D-03
    2.596856615677203D-02    9.678894656264950D-02   -3.544404943653949D-01
   -1.583646585403119D-01    1.208053244903964D-03   -9.762798739133651D-03
   -3.006911876966620D-03   -1.869780735925073D-01    5.983408605244799D-03
   -3.560872040362931D-02    5.014628415035640D-04    2.123182362688937D-01
   -2.103141313083177D-01    1.774088270936201D-04   -1.261745276727789D-01
    1.574808025431271D-01   -2.493101128749338D-02   -9.212070283570466D-02
    3.452800739410454D-01    1.628317035188870D-01    1.915341565996944D-04
   -9.668785225980440D-03   -2.301472310317917D-04   -1.884417521235424D-01
   -2.205882173124178D-03   -3.659650160130483D-02    1.041236974321129D-03
   -2.112041306087272D-01    2.103372294184415D-01   -5.895447510684035D-04
    1.253423441485440D-01   -1.580049003115433D-01   -5.575770500243396D-04
   -3.871048497010245D-03   -8.944979150036780D-03    1.439330625886383D-02
   -6.507433994427235D-03    4.336221205549920D-04    6.719268747100338D-04
    2.916097174112468D-03    4.741910035407980D-03   -6.631645887175260D-03
   -9.577559597077581D-03    7.609660581847498D-03    8.416570906193622D-03
    3.572991183361301D-04   -1.632668583791566D-04    5.151616275054622D-04
   -4.806305036778548D-04    2.265585874380338D-04   -7.100425135154893D-04
    1.239080705571391D+00    4.598023383723264D+00   -1.706682801879280D+01
   -7.499606174325221D+00   -4.037970823273723D-03   -4.525194041745300D-01
    1.003327679189944D-02   -9.199833200761198D+00   -1.761078849837917D-02
   -1.612882375394959D+00   -2.198288463603578D-03    8.924786918549157D-03
    4.695259969067487D-02   -6.628683823934742D-05    3.940909519743315D-01
    1.169108556659912D+00   -1.241289603938195D+00   -4.608358542469502D+00
    1.708853384632345D+01    7.489814965365010D+00   -2.247507099440258D-04
   -4.526689871014404D-01   -6.019373365275436D-04   -9.196105040454952D+00
    8.368879159289001D-03   -1.609201264548404D+00   -3.858642962975400D-03
   -1.110326267220930D-02   -4.819221664015359D-02    2.249016640870191D-03
   -3.922335518733377D-01   -1.166720635531250D+00    7.473599208484617D-04
    5.124606722466066D-03    1.110778447031841D-02   -2.213823818726822D-02
    1.499947706014552D-02    7.515153448787308D-04   -1.059508474100697D-03
    6.197710892187598D-03   -6.804101799349443D-03   -6.072327690900420D-03
    1.751811401303731D-02   -1.142357711937275D-02   -2.159007241071000D-02
   -9.744983978246847D-03    1.152662813627200D-03   -5.726008296649589D-03
    1.342754185650151D-02   -1.771609235484348D-03    8.600853456133319D-03
    4.418173631904213D-03    1.665759839391562D-02   -6.491780051702674D-02
   -1.913907711523725D-02    9.147376737092440D-02    9.953703136066712D-04
   -6.770625096359600D-01   -4.080685634456527D-02   -2.028904347777851D-01
   -2.856181227925289D-04    9.432550656202108D-01   -9.592890840791155D-04
   -1.421661099533256D-03   -8.598858880836943D-01    2.270435596262321D-03
    5.421202421575349D-03   -5.300971606274835D-03   -2.051223033552315D-02
    7.351592042694817D-02    1.431947769447601D-02   -9.350244545518968D-02
    6.041888632367954D-05    6.816300184583988D-01   -3.828466433287016D-02
    1.981551275341926D-01   -4.720623317845918D-04    9.428643328643245D-01
    5.537207564572010D-04    1.346613032777712D-03   -8.590724694511775D-01
   -1.746477235040931D-03   -4.765773063685511D-03    4.010653799404403D-04
    2.756770185057825D-03    6.059398787357971D-03   -1.193788955614347D-02
    9.558054378260440D-03    2.575851232871195D-04   -8.884327501488597D-04
    2.076573733609060D-03   -5.901868230851335D-03   -2.101919984059250D-03
    1.438913164772898D-02   -7.059039847724953D-03   -2.065728421258119D-02
   -5.806360364505730D-03    3.970793558250235D-04   -2.029838826130012D-03
    9.307155409265720D-03   -6.724603391922594D-04    3.349708114696189D-03
   -4.363616599402728D-02   -3.571051067999692D-01    8.431135521114546D-01
    1.520194731754132D+00   -8.176297809096258D-04   -4.596359162704742D-01
   -1.345114478170629D-04    6.887413204694961D-01   -8.581132534416582D-03
    4.308788513957644D-01    3.920619522568254D-03    1.561489780082160D-01
    4.693665059010555D-01   -4.396099493256354D-03   -8.402403500052134D-02
   -2.530184222383063D-01    4.292258573522741D-02    3.540824814920523D-01
   -8.366319922278523D-01   -1.524083561775132D+00   -3.614910945607571D-04
   -4.603043994600626D-01    2.933941947387347D-03    6.905070480255924D-01
    5.133993790930130D-03    4.306110005623645D-01    3.720386074723511D-03
   -1.564422666232231D-01   -4.692932795296312D-01   -3.923181087820019D-03
    8.440102169602397D-02    2.533065477113758D-01    4.407568069823084D-04
    3.055532093197200D-03    6.994132189055877D-03   -1.172021830536694D-02
    6.457679973957610D-03   -4.038209343662519D-04   -7.947957142247901D-04
   -2.772236746056617D-03   -5.510518841055806D-03    6.018190448789346D-03
    1.176839342727592D-02   -7.574942909433649D-03   -1.295582288252241D-02
   -1.326367664930868D-03    8.574646548019015D-05   -2.014297529586962D-04
    2.331034908722913D-03   -1.474782023381935D-04    3.700598420184076D-04
    7.212750718282131D-06   -2.238395267586300D-05    4.710210209370369D-05
   -1.242324376757495D-06   -3.776632375190556D-06    5.675064895502548D-06
    9.210460139860633D-06    5.986527760890338D-06   -1.980302893649380D-05
    1.468655644357645D-05    5.234363509231695D-07   -2.666245793911983D-06
   -2.188252139316631D-06    5.369628717774388D-06    9.999498051178023D-01
   -3.048584207320116D-04    7.532087861789684D-04   -7.785606769216134D-04
    9.285639701698062D-08   -7.061349842996433D-07   -7.853353816493877D-08
    1.296207794617588D-06
   -6.572846355075734D-01    4.122425661023588D-02   -1.037760464941742D-02
   -2.922859235251254D-02    1.911479777425648D-07   -1.504898119254933D-02
    5.090279314453138D-06   -6.572848145945931D-01    4.122641014359062D-02
   -1.040043128779109D-02    2.922836758878818D-02    3.119600294666946D-07
    1.505060891973978D-02    4.066462794803267D-06   -2.014971980789374D-05
   -4.904350417700964D-04    3.428879604963646D-04   -3.849975630350493D-04
   -2.793468422315339D-06    2.335185699460283D-05    5.724700236536986D-06
   -4.590263375396139D-05
    3.935283216744251D-04    8.435807424532974D-05   -2.519661378165754D-04
    2.716348436770844D-05   -3.373095342011270D-06   -3.116109168983557D-05
   -5.746687986154419D-06    4.504681724195596D-04    7.328459396288055D-05
    2.955888611060748D-05   -2.075380496234886D-05   -5.590604939245697D-06
   -1.193785586692030D-05    1.073928239287624D-05   -8.496003030783495D-04
   -1.003797058561226D+00    1.460414766797000D-02   -2.051491702112182D-02
   -2.238200385525159D-06    2.129962349257184D-06   -1.730357031057034D-05
    3.231110836889568D-05
    7.864979257508010D-01    4.275072932345455D-02    5.064726060380998D-02
   -6.392724104153306D-03   -1.053628649552383D-06    1.327160094626129D-02
   -2.174945518501451D-06   -7.864977977299921D-01   -4.275295680775362D-02
   -5.064302269185811D-02   -6.392612396209114D-03    8.975667230992072D-07
    1.327119934516443D-02    2.167916697503579D-06    1.134497074348452D-06
   -1.205595960600800D-04   -2.426990273129590D-05   -3.596346597665937D-05
   -1.548091461612665D-05   -1.708999102796554D-05    2.858421049171500D-05
    3.236790417517340D-05
   -5.213663135332994D-02   -5.248543204636288D-02    2.055966451618419D-01
   -3.817270310866616D-03   -1.109921562746099D-04    2.381376944919954D-03
    3.882289974741202D-03   -4.607643214863242D-02   -4.707362957498060D-02
    1.518927551207424D-01    3.574276229227360D-03   -1.139287797546143D-04
   -1.560686830762724D-03    3.249801028081291D-03    6.570874442828115D-03
   -1.926533326503908D-01   -3.389230743931131D-01    1.119556071715874D+00
    4.151079831630382D-06   -1.232443774192833D-04    4.016005079772557D-04
   -4.040497568627709D-03
    1.439640605424297D-01    1.483460674177426D-01   -5.473251982509095D-01
    1.078172785441988D-02   -9.822473680310750D-05   -3.447975780716332D-03
    2.123514767647451D-03    1.500667044158876D-01    1.553559091457302D-01
   -6.252275094306049D-01   -1.113553497689710D-02   -8.400767946743780D-05
    4.831448611944709D-03    1.727265660717621D-03    1.844120273094950D-03
   -8.089307814550865D-02   -1.301929251228701D-01    4.694251305083797D-01
   -4.439464355060646D-05    4.737957095291477D-04   -1.985483212333261D-03
    1.668039082005445D-02
   -1.361884084481287D-01   -1.663256903906437D-01    1.981718500652178D+00
   -8.428846225796651D-03    1.761232570237140D-05    3.070957132698260D-02
   -3.103512609947791D-04    1.310295464525456D-01    1.614936957396248D-01
   -1.960895201775904D+00   -8.065208007176904D-03    1.391663719384264D-05
    3.071477231037235D-02   -2.475298334541439D-04   -2.314275695859958D-04
    7.025063800358449D-03    1.451826034356605D-02   -5.383483398982302D-02
   -2.165131621781522D-04   -5.796154512487158D-04   -8.273932712313860D-03
   -7.641559172403812D-03
   -6.016912290772089D-04   -1.562096859678047D-03    1.895790481544998D-02
    1.120983021774244D-04   -1.170009134262284D-05   -2.409672765045248D-04
    1.560753757692538D-04    5.655802683199655D-03   -5.382434841254354D-04
   -2.674616778693099D-02   -3.761661987893514D-05   -3.123634532298846D-05
   -1.686942321874618D-03    3.260252763597502D-04   -4.517865275554949D-05
   -5.558956729191757D-04    3.893657275384726D-04    5.164064709187348D-04
    1.560618105942668D-01   -1.703952460092389D-02    8.937755635504493D-01
   -9.753809459665753D-02
   -1.535825493756052D-02    3.573595803388837D-03    4.742631770009336D-02
   -3.055438105128931D-04    1.578395178405148D-04   -4.601310814434607D-03
   -1.668808161980414D-03   -7.630017483899459D-03    5.765290180916240D-03
   -1.172738103443603D-02    4.125703925206852D-04    5.834803022088785D-05
    1.721649214820154D-03   -7.959339472589238D-04    2.410777789400205D-04
    3.141460806808357D-03   -1.676654943668451D-03   -4.683139315028752D-03
    1.705327696150339D-02    1.562593785863746D-01    9.752740519484655D-02
    8.935240540451386D-01
    8.928101307103601D-04   -8.770538037839225D-04   -7.652965630174077D-04
    5.160853946542649D-06    6.338139609851049D-03    5.699549500168371D-04
   -5.893671314803379D-01    4.911937821938284D-04   -7.553141614454984D-04
    3.516239443276971D-04   -2.243685804706340D-05    6.340522398889147D-03
   -2.807521114865640D-04   -5.893828126670663D-01   -1.098101675562166D-02
   -1.040600198668362D-01    1.257422603755980D-01   -6.532857064506209D-03
    1.058239043223602D-04   -1.210717734463902D-03    1.109304965745735D-04
   -1.284412584691801D-03
    3.272982752387884D-02   -4.766042042986685D-02   -2.426648721047193D-02
    7.341083447121474D-04   -1.045417546978450D-03    3.856581085597656D-02
   -3.201639999593223D-02    2.846740409909413D-02   -4.757129817603352D-02
    6.179618116406933D-04   -8.722158620870219D-04   -4.450922348079262D-04
   -3.469174209402625D-02   -4.428919841467203D-02    1.956930167251648D-01
    1.744300486949141D+00   -2.363311190394304D+00    6.348418129227048D-01
    3.171356564249233D-05   -8.404136326115630D-04    1.716897337977729D-05
   -5.771225332195528D-04
    1.225381571057246D-01   -5.375554871733708D-01    1.754866459055490D-01
    6.012427880721456D-03    1.770523771115994D-04    6.727500461379856D-01
    1.516548538342577D-03    1.241701736577327D-01   -5.381621947776131D-01
    1.721657779241866D-01   -5.943756297914322D-03    6.496517582329300D-05
   -6.743356420505148D-01    4.260052236236887D-03   -1.302147347120955D-02
   -1.120188522352782D-01    1.632404630044796D-01   -6.938790548861623D-02
   -1.125744172436463D-03    9.896429617076107D-03   -4.353132381780815D-04
    4.063385674602171D-03
    1.374582965186897D-03   -7.846032468680893D-04   -4.801688730090241D-04
    8.413162434408154D-06    2.504480179064591D-02   -6.905114287606312D-04
   -9.680822708578778D-01    9.608438581211512D-04   -6.257305225576143D-04
   -2.401322157816837D-04   -2.612612377675947D-05   -2.508749069662850D-02
    1.182693036322653D-03    9.675294364662423D-01    1.560471397538776D-03
    1.305172846620838D-02   -1.985090336118202D-02    9.319471881541761D-03
   -2.822650368223506D-04   -9.643660195500559D-04    3.862916971050399D-05
    1.288794050008875D-04
   -7.509703642315821D-01    3.823835580275712D-01   -7.541767985503123D-01
    2.975754124662389D-02   -2.731885106220990D-05   -9.676573826677412D-01
   -4.851774890087014D-04    7.682921058901317D-01   -4.010970012241836D-01
    7.569474113647189D-01    2.940406810542648D-02   -3.207841686032605D-05
   -9.637235817003765D-01   -1.109390582434599D-05    7.200365441522703D-04
    5.604537167931980D-03   -1.027967041358894D-02    1.029050948574681D-02
   -9.226086950888614D-03   -9.197733814344184D-03    2.113610089249504D-03
    1.746477812489188D-03
   -1.017952939962063D+00    1.167898266916249D+00   -2.593798801905389D-01
   -2.185038385006175D-02   -1.643027948318776D-04    1.531475075622472D-01
   -2.390223905245968D-03   -1.005282291133846D+00    1.161496500951397D+00
   -2.423314941894185D-01    2.232780777192582D-02   -1.716440620570899D-04
   -1.700338418679557D-01   -1.405432429288985D-04    5.771572044160057D-03
    4.599784605524690D-02   -7.789793739333437D-02    5.604186958072732D-02
    3.194732844489934D-03   -3.054300021684235D-02   -9.213885033434657D-04
    8.686943379695897D-03
   -1.733120284922456D-03    2.291291175793018D-02    1.305099203559478D-02
   -4.393250601258894D-04   -4.748119363090150D-06    2.222457031911403D-02
    1.515120584499179D-04   -5.056282814404951D-03   -1.292972442584566D-02
   -1.740336952531877D-02   -1.587125448300069D-04   -3.787710645683978D-05
    2.276417858043170D-02   -2.551435819526702D-04    3.483526414552080D-05
    2.748894128217460D-04   -4.629513246982655D-04    2.913178790573083D-04
   -1.229943366335953D+00    1.840747544140327D-02    8.540254846609513D-01
   -1.278440408303396D-02
   -3.074059240382391D-02    2.808449338541134D-02   -3.493752004189064D-02
   -8.422850751585560D-04   -2.748678324302940D-04   -2.185353636677265D-02
   -1.297241406712199D-03   -2.457625559937901D-02    5.304637539401896D-02
   -6.224832700620375D-04    1.298630042041893D-03   -1.517774052181170D-04
   -1.785538395357163D-02    2.364163860910494D-04    4.551898759880991D-04
    3.499576901060873D-03   -6.281016833536567D-03    5.010223703546298D-03
    1.837728212211317D-02    1.229605010198206D+00   -1.276460957161371D-02
   -8.545708579234159D-01
   -5.831015880377958D-01    3.100310071916137D+00   -1.914639930645778D-01
   -3.720396037371779D-02   -8.612942411794193D-06    2.001728311562498D+00
   -2.960156749461846D-05    5.825913016437682D-01   -3.099520417002238D+00
    1.910492750574078D-01   -3.718107516416611D-02   -6.308935322013304D-06
    2.001780910695162D+00   -1.237496028329095D-05    2.234261183558270D-05
    1.459276779464955D-04   -4.625861557017587D-04    1.210143363401088D-03
    9.303620737036599D-03    7.058445189828579D-03   -7.273324160040866D-03
   -5.651389321262829D-03
    6.731811627618098D-02   -1.605095663855177D-01    3.202268565371105D-02
   -7.780527184006377D-01    3.957687683737758D-04    4.977728902548849D-01
   -9.143237206754801D-05    6.723697677406432D-02   -1.603293927570250D-01
    3.144141380895633D-02    7.780995241426046D-01    3.303253401607592D-04
   -4.977429710875739D-01   -9.615306884858037D-05   -3.426524811885364D-04
   -2.379668259114913D-03    5.166686459651858D-03   -5.788129737474369D-03
    1.787975527758937D-04   -1.499164683443740D-03   -2.490760367743547D-04
    2.121687398232178D-03
    5.323757970076232D-04   -1.190786952006631D-03    1.518082646460355D-03
   -3.033582552572092D-04   -8.134918701910554D-01    3.894927616698159D-04
    3.668877109207732D-01    3.795594093352684D-04   -8.235315541707632D-04
    3.353279724855652D-04    4.447118625848688D-04   -8.138561134262174D-01
   -3.710781668887297D-04    3.670133813226867D-01   -1.185256026558528D-03
   -8.439282358487296D-03    1.676342055528925D-02   -1.417582517427830D-02
    3.781612703350792D-05   -4.516808544049871D-04   -4.915769684652649D-05
    5.909578412186577D-04
   -8.226056481878997D-05    1.944043111349194D-04   -2.486076651096962D-04
    1.324033033771754D-05    8.459523093022002D-01   -3.756736940147720D-05
   -5.350344793631334D-01   -5.886969069465905D-05    1.209515728188241D-04
   -5.347240566003210D-05   -5.727602838575101D-05   -8.455743222475771D-01
    5.346235825350050D-05    5.348118257538168D-01    1.790618965653137D-04
    1.257377520239087D-03   -2.570245806637023D-03    2.301335264647547D-03
    4.818166701741009D-05    1.757531302272446D-04   -6.372598229274097D-05
   -2.331957780426607D-04
   -9.356999413429455D-02    6.813971993789107D-01    1.899583849314436D-01
   -9.428724461375928D-01   -1.021722192820737D-04    8.580879271271731D-01
    8.648629478719105D-05    9.373802122409265D-02   -6.817789219640280D-01
   -1.895884038058006D-01   -9.428181940443799D-01   -5.597542316023811D-05
    8.579959925281649D-01    4.006007355118442D-05   -9.839439290071728D-05
   -6.473439655705548D-04    1.626922620280182D-03   -2.492040355965496D-03
   -7.691623859469611D-04   -8.786176798301305D-04    1.196065486204165D-03
    1.407624951183170D-03
orbocc
(1p3d25.15)                                                                     
    2.000000000000000D+00    2.000000000000000D+00    2.000000000000000D+00
    2.000000000000000D+00    2.000000000000000D+00    2.000000000000000D+00
    2.000000000000000D+00    1.000000000000000D+00    1.000000000000000D+00
    1.000000000000000D+00    1.000000000000000D+00    1.000000000000000D+00
    1.000000000000000D+00    1.000000000000000D+00    1.000000000000000D+00
    0.000000000000000D+00    0.000000000000000D+00    0.000000000000000D+00
    0.000000000000000D+00    0.000000000000000D+00    0.000000000000000D+00
    0.000000000000000D+00    0.000000000000000D+00    0.000000000000000D+00
    0.000000000000000D+00    0.000000000000000D+00    0.000000000000000D+00
    0.000000000000000D+00    0.000000000000000D+00    0.000000000000000D+00
    0.000000000000000D+00    0.000000000000000D+00    0.000000000000000D+00
    0.000000000000000D+00    0.000000000000000D+00    0.000000000000000D+00
    0.000000000000000D+00    0.000000000000000D+00    0.000000000000000D+00
    0.000000000000000D+00    0.000000000000000D+00    0.000000000000000D+00
    0.000000000000000D+00    0.000000000000000D+00    0.000000000000000D+00
    0.000000000000000D+00    0.000000000000000D+00    0.000000000000000D+00
    0.000000000000000D+00    0.000000000000000D+00    0.000000000000000D+00
    2.000000000000000D+00    1.000000000000000D+00    1.000000000000000D+00
    1.000000000000000D+00    0.000000000000000D+00    0.000000000000000D+00
    0.000000000000000D+00    0.000000000000000D+00    0.000000000000000D+00
    0.000000000000000D+00    0.000000000000000D+00    0.000000000000000D+00
    0.000000000000000D+00    0.000000000000000D+00    0.000000000000000D+00
    0.000000000000000D+00    0.000000000000000D+00    0.000000000000000D+00
    0.000000000000000D+00    0.000000000000000D+00    0.000000000000000D+00
    0.000000000000000D+00
